0.5058146062117753
0.6279596736687734
0.836370881787116
0.3739707935180715
-0.32179818347668687
0.4313684754005673
0.15853333914230483
0.12873794982140546
0.7623527267429568
0.23365797956950674
-0.5381728637523203
0.05821984032312011
0.07436569233502036
-0.3853887127012613
0.26367970010331404
0.8044963727812388
-0.3104831065498548
0.07500980214955605
-0.3607040708029968
-0.14515893196203603
0.1951582222916162
-0.2555801117841458
-0.08556552804607655
0.4405538162882845
-0.17874586173363097
0.4774593688844046
0.6619174699612952
0.18967077161301982
-0.20602623096167175
0.40893398894508587
0.5896713058520154
0.07751657797807554
0.7654384739688488
0.10351395342967558
0.5394799677354063
-0.3458370669103026
-0.26359804759451516
0.4106345922084727
-0.41017259496786135
0.39539170285228165
-0.26347969278216316
0.6501337994070412
0.4415665311706269
-0.011190532597133806
0.6013086582517976
0.44021913551068115
0.014090892442293487
-0.06841213646602282
0.29228323450021987
-0.43152422449254074
0.6356193476502985
-0.14413386475566606
-0.13395685765770396
-0.11183839177168717
0.22419823633980113
0.10357433056752167
-0.36460127999931385
0.3304936917319781
-0.01439593225137695
0.021864143787049584
-0.42817386451094724
-0.00594926129024003
0.20393392852592188
0.3321783323936845
